===========================
n-best Results with Python:
===========================
    
[6742, 1954, 706, 450, 225, 179, 126, 104, 59, 55, 0, 0, 0]
1 0.52
2 0.67
3 0.72
4 0.76
5 0.77
6 0.79
7 0.80
8 0.81
9 0.81

===========================
n-best Results with C:
===========================

[6467, 1807, 634, 257, 110, 56, 27, 18, 12, 4, 0, 0, 0]
1 0.49988405349
2 0.639560949215
3 0.688567674113
4 0.708433176161
5 0.716935920229
6 0.721264589936
7 0.723351627116
8 0.724742985236
9 0.725670557316

